\begin{table}[htp]
\begin{center}
\begin{tabular}{lrrrrrrrr}
\toprule
\multicolumn{9}{l}{Noise data:} \\
0. & -4087 & 5822 & -846 & -7834 & -8936 & -5070 & 587 & -9217 \\
1. & -4306 & 5971 & 4475 & -3543 & -4541 & -884 & 3254 & -6803 \\
2. & -4301 & 6004 & 5193 & -2564 & -4287 & -894 & 3424 & -7037 \\
3. & -4448 & 5966 & 4429 & -2839 & -4897 & -835 & 3092 & -6264 \\
\midrule
\multicolumn{9}{l}{Sorted data:} \\
0. & -9217 & -8936 & -7834 & -5070 & -4087 & -846 &  587 & 5822 \\
1. & -6803 & -4541 & -4306 & -3543 & -884 &  3254 &  4475 &  5971 \\
2. & -7037 & -4301 & -4287 & -2564 & -894 &  3424 &  5193 &  6004 \\
3. & -6264 & -4897 & -4448 & -2839 & -835 &  3092 &  4429 &  5966 \\
\midrule
\multicolumn{9}{l}{1. Derivation:} \\
0. & 2414 &  4395 &  3528 &  1527 &  3203 &  4100 &  3888 &  149 \\
1. & -234 &  240 & 19 &  979 & -10 & 170 & 718 & 33 \\
2. & 773  & -596 &  -161 &  -275 &  59  & -332 &  -764 &  -38 \\
3. & 6264 &  4897 &  4448 &  2839 &  835  & -3092 & -4429 & -5966 \\
\midrule
\multicolumn{9}{l}{1. Derivation Sorted:} \\
0. &  149 & 1527 & 2414 & 3203 & 3528 & 3888 & 4100 & 4395 \\
1. &  -234 & -10 & 19 & 33 & 170 & 240 & 718 & 979 \\
2. &  -764 &  -596 & -332 & -275 & -161 & -38 & 59 & 773 \\
\midrule
\multicolumn{9}{l}{2. Derivation:} \\
0. & -383 & -1537 & -2395 & -3170 & -3358 & -3648 & -3382 & -3416 \\
1. & -530 & -586 & -351 & -308 & -331 & -278 & -659 & -206 \\
\midrule
\end{tabular}
\end{center}
\label{tbl:derivations_noise_data}
\caption{Derivation with noise data}
\end{table}

